[app/ui]
version = 7.0.1
modtime = 1515039127.876421000

[app/launcher]
version = 7.0.1
modtime = 1515039127.878734000
